    3652.50000000  1       1.00000000
      31.00000000  1       1.00000000
      29.00000000  1       1.00000000
      31.00000000  1       1.00000000
      30.00000000  1       1.00000000
      31.00000000  1       1.00000000
      30.00000000  1       1.00000000
      31.00000000  1       1.00000000
      31.00000000  1       1.00000000
      30.00000000  1       1.00000000
      31.00000000  1       1.00000000
      30.00000000  1       1.00000000
      31.00000000  1       1.00000000
      31.00000000  1       1.00000000
      28.00000000  1       1.00000000
      31.00000000  1       1.00000000
      30.00000000  1       1.00000000
      31.00000000  1       1.00000000
      30.00000000  1       1.00000000
      31.00000000  1       1.00000000
      31.00000000  1       1.00000000
      30.00000000  1       1.00000000
      31.00000000  1       1.00000000
      30.00000000  1       1.00000000
      31.00000000  1       1.00000000
